141 167 434 200 469 224 378 258 262 164 205 245 181 127 461 191 295 442 127 336 
491 304 402 253 392 482 321 416 218 395 347 226 471 438 369 412 167 399 335 394 
403 311 222 433 173 364 441 211 353 168 447 144 362 457 137 159 423 241 429 478 
416 335 290 342 388 206 340 242 164 348 346 305 390 429 470 250 306 401 493 448 
129 323 184 454 456 340 266 276 431 408 244 139 326 223 437 438 218 182 229 241 
133 415 339 158 404 430 477 406 173 486 321 445 224 372 370 329 477 473 397 212 
486 190 461 336 455 467 155 474 131 152 250 450 241 224 466 330 407 291 107 237 
357 387 253 483 245 209 309 258 321 288 122 246 406 330 113 468 200 291 462 155 
310 459 124 237 448 183 495 141 102 450 391 136 274 320 296 121 248 499 168 184 
381 434 153 499 118 438 200 288 227 167 228 193 348 183 307 121 410 317 113 414 
409 116 235 351 300 149 219 456 498 403 324 308 344 309 289 402 495 185 393 443 
223 487 214 403 348 100 358 318 280 296 498 181 489 498 109 457 172 122 238 392 
138 279 290 157 458 291 315 188 456 411 302 334 372 155 428 346 462 186 175 133 
369 242 344 316 381 498 422 351 121 199 457 176 392 489 375 412 300 210 303 169 
361 388 301 289 155 123 302 285 282 385 388 326 317 257 332 232 269 254 221 489 
476 229 468 392 325 255 334 249 341 412 245 160 218 253 239 123 379 496 387 229 
249 337 366 249 293 495 197 116 386 205 188 382 155 234 214 201 216 371 286 363 
413 455 485 153 212 108 332 245 413 256 421 458 146 482 181 244 496 322 429 261 
435 150 473 166 144 159 392 139 153 124 254 410 445 349 486 413 174 122 268 118 
487 405 458 291 302 125 177 114 214 324 234 374 472 259 333 170 387 397 418 277 
